00110000    //irmovq
11100011
00000000
00000001
00000000
00000000
00000000
00000000
00000000
00000000
00110000    //irmovq
11110010
00000000
00000010
00000000
00000000
00000000
00000000
00000000
00000000
01100000 //add
00100011
00100101 //cmovge
00110010
00110000 
11110011
00000000
00000001
00000000
00000000
00000000
00000000
00000000
00000000
00100001 //cmovle
00100011
10100000//push
00100011
10110000//pop
00101111
10000000//call
00110001
00000000
00000000
00000000
00000000
00000000
00000000
00000000
00010000
10010000//ret
01110101//jge
00001010
00000000
00000000
00000000
00000000
00000000
00000000
00000000